Display[32][72]=
{
        {
            0, 0, 0, 0, 0, 0, 0, 0, 0, 0, 0, 0, 0, 36, 36, 0, 0, 109, 219, 146, 73, 0, 0, 0, 36, 36, 36, 36, 36, 36, 36, 36, 36, 36, 36, 36, 36, 36, 36, 36, 36, 36, 36, 36, 36, 36, 36, 36, 36, 36, 36, 36, 0, 0, 36, 37, 36, 0, 0, 0, 0, 0, 0, 0, 0, 0, 0, 0, 0, 0, 0, 0
        },
    
        {
            0, 0, 0, 0, 0, 0, 0, 0, 0, 0, 0, 0, 0, 36, 36, 0, 36, 146, 219, 183, 255, 182, 37, 0, 0, 0, 0, 36, 36, 36, 36, 36, 36, 36, 36, 36, 36, 36, 36, 36, 36, 36, 36, 36, 36, 36, 36, 36, 36, 36, 0, 0, 0, 73, 0, 73, 73, 0, 0, 0, 0, 0, 0, 0, 0, 0, 0, 0, 0, 0, 0, 0
        },
    
        {
            0, 0, 0, 0, 0, 0, 0, 0, 0, 0, 0, 0, 0, 36, 36, 0, 73, 183, 183, 219, 219, 255, 255, 110, 73, 109, 0, 0, 0, 36, 36, 0, 0, 0, 0, 0, 0, 0, 0, 0, 0, 36, 36, 36, 36, 36, 0, 0, 0, 0, 0, 73, 146, 255, 110, 146, 73, 0, 0, 0, 0, 0, 0, 0, 0, 0, 0, 0, 0, 0, 0, 0
        },
    
        {
            0, 0, 0, 0, 0, 0, 0, 0, 0, 0, 0, 0, 0, 36, 36, 0, 73, 219, 219, 255, 146, 146, 255, 255, 255, 255, 146, 146, 0, 0, 0, 0, 73, 109, 109, 73, 73, 73, 73, 110, 37, 0, 0, 0, 0, 0, 0, 146, 109, 37, 146, 255, 219, 219, 219, 219, 73, 0, 0, 0, 0, 0, 0, 0, 0, 0, 0, 0, 0, 0, 0, 0
        },
    
        {
            0, 0, 0, 0, 0, 0, 0, 0, 0, 0, 0, 0, 0, 36, 36, 0, 73, 219, 219, 255, 182, 146, 219, 219, 219, 219, 255, 183, 146, 146, 146, 146, 255, 255, 255, 73, 109, 73, 73, 255, 219, 73, 73, 146, 182, 146, 146, 219, 255, 219, 255, 182, 146, 219, 219, 219, 110, 0, 0, 0, 0, 0, 0, 0, 0, 0, 0, 0, 0, 0, 0, 0
        },
    
        {
            0, 0, 0, 0, 0, 0, 0, 0, 0, 0, 0, 0, 0, 36, 36, 0, 73, 219, 183, 219, 182, 219, 255, 219, 219, 219, 255, 146, 146, 183, 183, 255, 255, 255, 109, 0, 73, 73, 0, 109, 255, 255, 255, 255, 183, 182, 183, 109, 219, 255, 255, 182, 110, 219, 219, 219, 110, 0, 0, 0, 0, 0, 0, 0, 0, 0, 0, 0, 0, 0, 0, 0
        },
    
        {
            0, 0, 0, 0, 0, 0, 0, 0, 0, 0, 0, 0, 0, 36, 36, 0, 73, 219, 219, 183, 183, 219, 255, 219, 219, 219, 219, 219, 109, 0, 0, 110, 255, 183, 0, 0, 110, 110, 36, 0, 183, 255, 219, 36, 0, 37, 182, 219, 219, 255, 219, 146, 146, 219, 183, 255, 110, 0, 0, 0, 0, 0, 0, 0, 0, 0, 0, 0, 0, 0, 0, 0
        },
    
        {
            0, 0, 0, 0, 0, 0, 0, 0, 0, 0, 0, 0, 0, 36, 36, 0, 36, 183, 255, 183, 182, 146, 219, 255, 219, 219, 183, 146, 255, 182, 0, 73, 255, 182, 0, 73, 146, 73, 109, 37, 183, 255, 73, 0, 110, 255, 255, 219, 219, 255, 219, 146, 146, 219, 219, 219, 73, 0, 0, 0, 0, 0, 0, 0, 0, 0, 0, 0, 0, 0, 0, 0
        },
    
        {
            0, 0, 0, 0, 0, 0, 0, 0, 0, 0, 0, 0, 0, 36, 36, 0, 36, 73, 183, 255, 182, 73, 183, 255, 255, 219, 219, 219, 219, 255, 73, 0, 219, 183, 0, 146, 182, 73, 146, 73, 183, 255, 36, 36, 183, 219, 255, 219, 219, 255, 219, 109, 146, 183, 255, 110, 0, 36, 0, 0, 0, 0, 0, 0, 0, 0, 0, 0, 0, 0, 0, 0
        },
    
        {
            0, 0, 0, 0, 0, 0, 0, 0, 0, 0, 0, 0, 0, 36, 36, 0, 36, 0, 110, 255, 183, 109, 110, 182, 219, 219, 219, 219, 182, 146, 219, 109, 73, 219, 0, 146, 182, 146, 146, 36, 183, 255, 36, 110, 182, 183, 219, 219, 255, 219, 73, 73, 182, 219, 255, 73, 0, 36, 0, 0, 0, 0, 0, 0, 0, 0, 0, 0, 0, 0, 0, 0
        },
    
        {
            0, 0, 0, 0, 0, 0, 0, 0, 0, 0, 0, 0, 0, 36, 36, 0, 36, 37, 146, 219, 183, 110, 73, 146, 219, 255, 183, 182, 182, 182, 219, 110, 73, 219, 36, 146, 182, 146, 182, 37, 219, 146, 0, 146, 182, 146, 182, 219, 219, 146, 37, 109, 219, 255, 146, 0, 0, 36, 0, 0, 0, 0, 0, 0, 0, 0, 0, 0, 0, 0, 0, 0
        },
    
        {
            0, 0, 0, 0, 0, 0, 0, 0, 0, 0, 0, 0, 0, 36, 36, 0, 0, 73, 146, 183, 219, 182, 146, 183, 255, 219, 182, 182, 146, 183, 110, 73, 219, 183, 0, 110, 146, 146, 146, 37, 183, 219, 110, 146, 146, 146, 146, 146, 219, 183, 146, 146, 183, 255, 73, 0, 36, 36, 0, 0, 0, 0, 0, 0, 0, 0, 0, 0, 0, 0, 0, 0
        },
    
        {
            0, 0, 0, 0, 0, 0, 0, 0, 0, 0, 0, 0, 0, 36, 36, 36, 0, 37, 146, 183, 219, 183, 219, 219, 183, 146, 182, 146, 146, 182, 73, 109, 255, 182, 0, 109, 146, 146, 110, 36, 183, 255, 183, 146, 146, 146, 146, 146, 183, 219, 183, 183, 182, 255, 109, 0, 36, 36, 0, 0, 0, 0, 0, 0, 0, 0, 0, 0, 0, 0, 0, 0
        },
    
        {
            0, 0, 0, 0, 0, 0, 0, 0, 0, 0, 0, 0, 0, 36, 36, 36, 0, 0, 146, 219, 219, 183, 219, 219, 182, 146, 146, 73, 73, 110, 73, 109, 255, 183, 0, 73, 146, 146, 73, 37, 219, 255, 146, 110, 110, 110, 110, 146, 182, 183, 182, 219, 182, 183, 73, 0, 36, 36, 0, 0, 0, 0, 0, 0, 0, 0, 0, 0, 0, 0, 0, 0
        },
    
        {
            0, 0, 0, 0, 0, 0, 0, 0, 0, 0, 0, 0, 0, 36, 36, 36, 0, 0, 110, 255, 183, 182, 182, 183, 182, 146, 146, 110, 146, 110, 73, 146, 255, 183, 0, 73, 146, 146, 37, 0, 219, 255, 110, 73, 109, 182, 183, 146, 182, 146, 146, 219, 219, 109, 0, 0, 36, 36, 0, 0, 0, 0, 0, 0, 0, 0, 0, 0, 0, 0, 0, 0
        },
    
        {
            0, 0, 0, 0, 0, 0, 0, 0, 0, 0, 0, 0, 0, 36, 36, 36, 0, 0, 109, 183, 146, 73, 37, 110, 182, 219, 219, 219, 219, 110, 37, 146, 255, 219, 0, 73, 182, 146, 73, 0, 219, 255, 73, 37, 109, 110, 183, 219, 146, 110, 182, 219, 219, 73, 0, 36, 36, 36, 0, 0, 0, 0, 0, 0, 0, 0, 0, 0, 0, 0, 0, 0
        },
    
        {
            0, 0, 0, 0, 0, 0, 0, 0, 0, 0, 0, 0, 0, 36, 36, 36, 0, 36, 73, 109, 73, 37, 37, 37, 146, 255, 146, 37, 37, 73, 37, 109, 255, 219, 36, 109, 182, 146, 146, 37, 219, 255, 73, 0, 0, 73, 109, 219, 110, 73, 110, 219, 110, 0, 36, 36, 36, 36, 0, 0, 0, 0, 0, 0, 0, 0, 0, 0, 0, 0, 0, 0
        },
    
        {
            0, 0, 0, 0, 0, 0, 0, 0, 0, 0, 0, 0, 0, 36, 36, 36, 0, 36, 37, 73, 37, 36, 73, 73, 37, 73, 255, 183, 0, 255, 183, 73, 219, 219, 146, 182, 146, 146, 146, 183, 255, 219, 36, 36, 36, 219, 182, 73, 73, 0, 37, 182, 73, 0, 36, 36, 36, 36, 0, 0, 0, 0, 0, 0, 0, 0, 0, 0, 0, 0, 0, 0
        },
    
        {
            0, 0, 0, 0, 0, 0, 0, 0, 0, 0, 0, 0, 0, 36, 36, 36, 0, 36, 37, 73, 73, 146, 255, 255, 109, 37, 146, 146, 0, 109, 73, 37, 146, 255, 219, 182, 146, 146, 110, 219, 255, 109, 0, 73, 0, 73, 73, 146, 146, 37, 36, 73, 36, 0, 0, 0, 36, 36, 0, 0, 0, 0, 0, 0, 0, 0, 0, 0, 0, 0, 0, 0
        },
    
        {
            0, 0, 0, 0, 0, 0, 0, 0, 0, 0, 0, 0, 0, 36, 36, 36, 0, 0, 109, 255, 255, 255, 255, 255, 219, 146, 73, 109, 146, 109, 109, 146, 255, 182, 219, 146, 146, 146, 110, 219, 219, 255, 146, 0, 0, 0, 36, 146, 255, 255, 110, 73, 36, 0, 0, 0, 36, 36, 0, 0, 0, 0, 0, 0, 0, 0, 0, 0, 0, 0, 0, 0
        },
    
        {
            0, 0, 0, 0, 0, 0, 0, 0, 0, 0, 0, 0, 0, 36, 36, 36, 0, 0, 182, 255, 255, 255, 255, 219, 219, 219, 219, 255, 255, 255, 255, 255, 182, 36, 146, 182, 146, 146, 146, 146, 0, 219, 255, 183, 146, 183, 183, 219, 255, 255, 255, 146, 37, 73, 146, 73, 0, 36, 0, 0, 0, 0, 0, 0, 0, 0, 0, 0, 0, 0, 0, 0
        },
    
        {
            0, 0, 0, 0, 0, 0, 0, 0, 0, 0, 0, 0, 0, 36, 36, 36, 0, 0, 109, 255, 255, 255, 255, 255, 255, 219, 219, 146, 110, 219, 255, 255, 255, 183, 36, 110, 219, 219, 109, 37, 146, 255, 219, 255, 255, 255, 255, 255, 255, 255, 255, 182, 36, 73, 183, 73, 0, 36, 0, 0, 0, 0, 0, 0, 0, 0, 0, 0, 0, 0, 0, 0
        },
    
        {
            0, 0, 0, 0, 0, 0, 0, 0, 0, 0, 0, 0, 0, 36, 36, 36, 0, 37, 0, 37, 183, 255, 219, 146, 109, 0, 0, 109, 146, 146, 255, 146, 146, 255, 146, 36, 183, 182, 0, 146, 255, 255, 0, 182, 255, 183, 219, 219, 146, 219, 255, 219, 110, 73, 36, 0, 0, 36, 0, 0, 0, 0, 0, 0, 0, 0, 0, 0, 0, 0, 0, 0
        },
    
        {
            0, 0, 0, 0, 0, 0, 0, 0, 0, 0, 0, 0, 0, 36, 36, 36, 0, 0, 37, 110, 219, 255, 182, 110, 110, 146, 146, 109, 146, 219, 146, 0, 73, 255, 255, 183, 73, 73, 183, 255, 255, 255, 110, 219, 255, 255, 219, 0, 0, 146, 219, 146, 146, 109, 36, 109, 37, 0, 0, 0, 0, 0, 0, 0, 0, 0, 0, 0, 0, 0, 0, 0
        },
    
        {
            0, 0, 0, 0, 0, 0, 0, 0, 0, 0, 0, 0, 0, 36, 36, 36, 36, 0, 37, 110, 182, 255, 255, 255, 255, 255, 255, 219, 219, 255, 146, 146, 219, 255, 255, 255, 219, 219, 255, 255, 255, 255, 255, 255, 255, 255, 183, 109, 219, 255, 182, 146, 73, 36, 0, 109, 73, 0, 0, 0, 0, 0, 0, 0, 0, 0, 0, 0, 0, 0, 0, 0
        },
    
        {
            0, 0, 0, 0, 0, 0, 0, 0, 0, 0, 0, 0, 0, 36, 36, 36, 36, 0, 36, 109, 73, 73, 110, 219, 255, 255, 255, 255, 255, 255, 182, 183, 255, 255, 182, 73, 110, 110, 73, 109, 255, 255, 110, 146, 255, 255, 255, 255, 255, 219, 255, 182, 73, 36, 146, 37, 0, 36, 0, 0, 0, 0, 0, 0, 0, 0, 0, 0, 0, 0, 0, 0
        },
    
        {
            0, 0, 0, 0, 0, 0, 0, 0, 0, 0, 0, 0, 0, 36, 36, 36, 36, 0, 0, 146, 219, 110, 73, 182, 255, 219, 255, 255, 255, 255, 182, 146, 219, 219, 146, 109, 109, 109, 110, 37, 146, 219, 110, 146, 255, 255, 219, 110, 146, 219, 109, 0, 109, 110, 109, 73, 0, 36, 0, 0, 0, 0, 0, 0, 0, 0, 0, 0, 0, 0, 0, 0
        },
    
        {
            0, 0, 0, 0, 0, 0, 0, 0, 0, 0, 0, 0, 0, 36, 36, 36, 0, 0, 36, 146, 219, 219, 255, 183, 146, 219, 255, 255, 255, 255, 255, 255, 219, 219, 255, 255, 255, 255, 255, 255, 219, 219, 255, 255, 255, 255, 219, 146, 146, 110, 0, 110, 182, 73, 0, 0, 36, 36, 0, 0, 0, 0, 0, 0, 0, 0, 0, 0, 0, 0, 0, 0
        },
    
        {
            0, 0, 0, 0, 0, 0, 0, 0, 0, 0, 0, 0, 0, 36, 36, 0, 0, 36, 73, 110, 182, 183, 219, 146, 182, 219, 219, 255, 255, 255, 255, 255, 255, 255, 255, 255, 255, 255, 255, 255, 255, 255, 255, 255, 255, 255, 183, 183, 109, 0, 0, 73, 37, 0, 36, 36, 36, 36, 0, 0, 0, 0, 0, 0, 0, 0, 0, 0, 0, 0, 0, 0
        },
    
        {
            0, 0, 0, 0, 0, 0, 0, 0, 0, 0, 0, 0, 0, 0, 0, 0, 73, 73, 73, 110, 146, 183, 182, 146, 146, 219, 219, 219, 183, 183, 255, 255, 255, 255, 255, 255, 255, 255, 255, 255, 255, 255, 255, 219, 255, 219, 182, 110, 0, 0, 0, 0, 0, 36, 36, 36, 36, 36, 0, 0, 0, 0, 0, 0, 0, 0, 0, 0, 0, 0, 0, 0
        },
    
        {
            0, 0, 0, 0, 0, 0, 0, 0, 0, 0, 0, 0, 0, 36, 37, 109, 109, 73, 146, 219, 146, 73, 146, 146, 73, 146, 255, 219, 183, 183, 219, 183, 182, 183, 219, 255, 255, 182, 182, 219, 219, 219, 255, 255, 182, 109, 183, 219, 36, 0, 36, 36, 36, 36, 36, 36, 36, 36, 0, 0, 0, 0, 0, 0, 0, 0, 0, 0, 0, 0, 0, 0
        },
    
        {
            0, 0, 0, 0, 0, 0, 0, 0, 0, 0, 0, 0, 0, 109, 110, 73, 73, 110, 219, 182, 73, 73, 73, 73, 73, 73, 219, 255, 255, 255, 219, 219, 182, 182, 219, 219, 219, 183, 219, 255, 255, 255, 219, 182, 109, 109, 219, 183, 36, 0, 36, 36, 36, 36, 36, 36, 36, 36, 0, 0, 0, 0, 0, 0, 0, 0, 0, 0, 0, 0, 0, 0
        }
};
